25 41 29 61
55 44 80 76
21 37 78 43
52 72 78 67
66 65 35 51
71 39 56 58
60 12 16 73
31 84 96 19
33 72 39 96
97 54 99 94
72 29 85 99
81 91 98 26
48 73 59 52
58 82 87 84
56 66 96 94
81 12 13 63
77 15 99 48
93 40 79 28
81 54 86 90
35 55 86 53
21 44 96 80
54 78 59 44
12 13 16 49
20 59 32 30
78 69 14 89
21 38 36 56
81 49 95 62
13 63 83 10
86 25 46 10
66 69 73 29
87 81 55 99
57 71 10 46
40 68 59 49
34 97 27 57
70 65 45 79
35 65 45 94
36 27 47 23
30 16 36 84
80 39 23 42
61 14 45 57
43 52 18 95
18 88 85 30
50 32 52 96
19 43 98 85
87 69 69 41
24 70 48 88
32 65 80 10
88 69 17 76
83 60 68 83
94 89 75 74
94 13 84 36
52 30 86 53
87 68 83 79
45 62 95 24
28 11 56 13
39 41 57 10
12 27 44 99
43 56 33 34
77 99 91 69
56 66 48 13
24 27 64 77
83 91 39 82
30 37 42 52
49 44 36 35
56 68 89 38
24 70 74 74
55 78 78 16
15 85 87 47
89 51 20 31
46 58 69 70
86 17 20 72
11 35 81 19
85 68 67 11
56 56 49 92
39 11 99 29
40 94 80 92
58 39 44 52
50 30 23 21
28 35 55 26
10 98 22 34
77 94 70 58
54 72 37 71
62 27 14 42
16 16 41 22
35 26 24 85
28 89 62 92
90 18 61 53
72 26 38 93
70 33 53 58
75 78 53 78
86 51 72 47
71 92 54 15
48 88 10 18
70 20 29 45
15 96 32 53
12 10 66 78
39 48 35 29
43 86 44 31
26 93 78 38
86 50 55 52
40 14 65 77
74 15 91 98
79 98 36 83
41 80 34 58
70 81 44 83
39 63 85 12
61 16 28 64
32 94 78 60
44 69 42 78
43 47 42 85
65 55 43 67
26 32 40 90
17 86 91 51
68 41 67 79
71 56 33 36
62 24 83 88
34 75 19 47
47 79 87 84
63 89 51 62
52 89 90 33
78 23 75 24
38 61 29 86
87 93 14 95
86 93 67 41
66 45 33 55
30 22 10 71
27 68 51 11
91 56 50 29
47 51 68 18
21 58 66 76
40 34 30 17
85 84 23 80
77 21 23 77
85 79 85 55
79 84 17 53
61 29 58 94
27 24 87 26
92 32 77 59
76 33 15 74
93 26 11 48
67 42 53 52
35 30 26 45
24 53 95 50
88 45 74 95
84 87 64 88
14 66 79 89
83 13 68 32
18 40 73 89
44 22 33 53
22 69 35 51
54 65 10 34
70 25 70 28
17 40 20 22
16 95 91 90
46 27 49 61
23 20 73 28
64 33 80 33
48 44 62 97
46 26 20 50
66 12 63 32
48 71 85 84
71 55 43 62
73 95 94 45
35 62 21 40
39 50 97 43
65 68 87 84
35 56 96 16
90 65 93 81
94 71 83 23
98 60 62 48
76 64 78 88
85 14 47 73
98 95 93 23
98 79 60 31
95 84 23 59
10 94 26 53
55 53 49 54
85 55 70 20
17 34 87 48
37 33 51 22
77 35 81 61
27 40 45 72
54 20 64 65
98 69 23 84
27 51 39 54
70 38 23 73
89 83 13 90
63 97 83 95
15 33 78 49
24 87 25 21
46 27 25 58
78 79 35 59
11 48 60 31
42 27 92 89
14 18 69 85
60 66 32 42
48 33 43 83
13 55 93 45
90 15 56 62
81 48 45 13
76 97 18 92
53 60 49 63
77 47 74 24
79 44 59 21
50 78 23 70
69 27 29 94
59 53 31 78
10 18 52 22
23 23 50 55
74 25 35 81
27 29 11 99
55 39 57 47
26 18 44 81
13 90 79 79
25 85 32 82
88 87 97 21
48 40 69 89
65 61 79 61
59 14 75 76
13 99 36 96
66 55 22 96
27 24 35 68
87 25 47 45
85 23 17 11
86 51 50 19
54 81 11 50
30 84 20 50
23 20 86 45
58 46 69 41
37 97 57 54
49 62 45 67
95 53 54 99
69 36 73 90
71 33 15 96
39 27 57 49
89 62 79 94
52 90 88 30
96 78 74 23
99 77 81 78
79 70 31 34
38 27 18 55
94 11 47 52
47 41 70 23
64 73 40 34
20 57 29 83
80 77 18 35
82 84 57 23
55 25 89 11
87 95 16 73
27 15 77 32
52 93 19 27
26 73 77 67
80 43 71 56
31 49 76 63
44 55 54 58
42 70 93 70
63 95 14 19
52 22 87 81
25 31 97 81
65 52 73 32
34 32 27 35
75 55 75 32
90 39 41 54
33 98 48 44
13 63 83 70
21 64 91 43
37 74 13 35
72 58 23 94
86 34 18 36
90 81 46 65
76 37 76 21
70 25 97 87
14 90 30 57
34 66 87 91
60 70 89 15
18 39 37 11
63 65 11 88
31 68 14 23
44 79 64 19
79 89 79 37
38 50 26 10
51 63 31 97
57 27 53 65
64 67 10 45
92 59 89 69
91 49 71 67
58 46 87 86
84 11 20 73
94 57 79 90
75 84 15 26
88 48 90 93
68 46 22 11
45 73 38 12
83 46 21 67
54 66 28 12
88 59 99 41
51 54 75 13
70 54 19 72
86 96 34 13
15 71 57 50
80 63 18 73
92 72 49 25
70 25 39 36
60 71 12 59
92 51 19 17
12 82 38 18
16 64 23 93
18 91 89 78
38 47 13 79
87 71 48 66
61 92 30 29
37 25 65 72
45 26 33 57
36 47 62 49
49 39 89 62
73 40 21 74
35 11 13 75
76 52 57 14
85 95 83 61
73 99 40 53
62 28 96 13
73 20 70 61
46 51 52 47
12 87 93 17
81 31 47 11
30 80 92 53
64 95 91 78
24 27 66 48
79 35 91 95
49 81 51 73
52 24 55 81
27 95 51 38
86 45 46 62
90 95 80 77
24 77 26 62
78 97 69 68
99 98 44 16
18 60 47 31
91 20 47 92
38 91 50 47
65 14 14 86
78 32 13 41
77 24 75 27
51 20 57 83
50 67 26 75
40 31 37 83
73 60 13 95
77 44 49 17
11 16 28 89
25 50 13 70
74 18 57 40
48 61 66 55
29 50 84 16
93 99 23 70
91 47 35 39
67 16 43 19
53 88 91 79
82 63 81 49
86 87 48 82
72 36 41 63
17 94 97 61
87 37 51 28
97 79 25 45
70 79 35 93
10 96 88 41
19 21 28 45
10 79 30 27
17 50 95 19
85 57 20 87
86 18 75 77
65 66 21 31
14 60 48 67
51 71 42 13
77 19 77 35
98 10 13 87
38 71 75 28
64 55 58 74
13 30 20 75
73 85 45 81
87 40 56 13
24 36 29 16
60 85 33 98
61 67 95 24
46 83 46 48
58 22 55 48
94 22 46 89
63 38 85 28
52 58 30 10
65 25 29 89
58 66 15 11
99 12 90 93
38 68 85 26
79 17 69 32
66 80 35 92
54 54 97 48
45 22 13 28
63 46 61 79
30 87 35 30
50 43 75 27
83 22 90 60
60 13 76 31
31 83 77 36
39 14 23 15
31 89 29 91
50 57 79 85
33 38 55 73
12 60 70 23
72 75 60 37
74 65 57 39
65 10 90 35
64 87 18 51
10 84 22 20
65 59 71 19
26 73 57 10
78 33 92 48
15 98 50 16
35 60 12 56
38 95 80 39
76 29 68 21
65 11 80 13
53 30 83 98
63 52 58 61
13 32 51 56
15 48 43 97
51 13 89 55
78 97 79 62
54 34 80 31
68 56 57 64
41 66 89 92
45 88 45 52
27 99 36 56
74 75 37 34
77 46 20 52
77 40 92 75
75 80 85 61
43 67 29 48
81 85 68 34
47 34 35 36
41 57 76 22
20 99 54 49
48 11 10 13
20 67 73 16
44 14 11 60
10 51 43 93
27 12 99 60
32 70 56 45
60 51 15 89
77 49 90 48
25 49 37 68
72 55 13 88
73 20 24 68
33 58 81 71
56 75 25 80
36 61 65 36
24 46 47 61
28 28 85 22
11 81 74 17
59 58 50 88
76 33 73 94
14 92 37 18
44 40 50 23
19 97 75 48
42 54 89 10
11 59 91 24
55 49 54 28
45 53 60 21
18 73 10 97
61 42 81 33
44 92 87 98
10 72 23 12
19 32 91 12
86 22 19 89
20 90 52 14
38 68 81 22
87 60 77 92
58 88 54 18
59 27 36 87
85 97 26 44
30 68 90 71
84 73 35 66
94 93 26 20
75 64 44 16
91 11 79 85
72 45 57 77
33 86 83 14
20 28 33 31
77 57 19 75
33 94 78 32
64 98 41 88
61 19 59 49
40 89 14 41
62 86 68 28
27 12 28 25
38 12 35 56
58 14 79 41
50 59 34 86
50 89 57 60
76 34 98 82
32 27 91 51
62 42 41 26
72 21 81 21
52 69 25 33
23 68 51 21
89 69 18 80
94 64 17 32
86 11 63 98
70 36 61 68
22 73 15 34
34 84 57 29
99 45 81 82
92 16 75 38
67 50 52 96
39 62 43 20
22 76 49 30
86 92 89 33
39 23 75 36
47 41 33 65
76 50 96 35
43 74 97 32
95 98 33 38
66 97 22 98
72 32 94 92
74 77 40 18
61 42 63 97
69 98 39 99
43 10 85 31
78 28 61 20
26 41 85 59
73 43 33 19
89 93 47 36
64 19 36 28
73 72 31 81
88 88 43 50
94 58 58 69
11 35 33 91
95 11 35 29
81 74 69 28
18 26 74 63
34 89 54 18
26 67 83 22
80 10 45 71
66 37 93 18
80 83 75 71
51 52 76 89
18 46 54 82
69 21 33 40
19 80 84 99
68 66 67 70
81 59 16 44
97 31 78 24
81 27 59 12
30 17 18 74
75 75 63 73
17 56 29 90
64 78 37 54
73 99 92 98
14 39 36 93
14 95 10 28
56 90 33 78
92 27 93 27
91 53 23 83
51 89 98 38
23 79 41 46
88 27 85 51
71 63 13 33
24 13 49 33
97 38 77 93
53 55 63 23
42 92 68 25
30 12 94 49
95 72 30 86
90 41 82 48
48 17 44 19
65 69 52 33
89 88 91 14
65 74 71 99
99 82 17 33
17 70 40 21
36 60 90 62
34 94 99 56
43 35 83 38
81 39 37 49
99 39 50 61
36 43 67 32
85 95 43 55
27 45 64 94
16 11 91 70
10 83 21 40
99 93 86 64
57 97 28 17
74 43 20 64
80 96 74 39
26 76 12 21
69 79 80 87
47 12 75 34
64 54 55 39
57 81 79 48
65 29 22 49
95 55 97 90
70 39 18 51
14 18 23 18
30 91 30 48
80 85 29 79
43 58 35 89
48 76 76 22
73 99 64 92
32 14 17 14
40 34 37 15
82 66 60 55
30 98 63 15
23 29 42 20
91 47 13 77
29 95 21 48
43 37 76 60
22 58 43 12
60 43 88 23
22 97 33 15
78 38 16 62
54 87 36 52
89 47 53 72
58 53 10 97
45 33 67 72
75 35 79 87
46 28 32 24
27 59 23 91
28 49 84 17
57 25 60 98
14 93 62 40
48 12 13 43
44 49 97 92
62 31 58 66
46 64 95 95
14 39 92 64
87 63 76 97
73 23 62 95
59 93 78 36
87 93 55 33
63 47 84 36
86 14 94 72
89 41 95 10
36 20 31 55
96 44 44 36
49 69 49 24
40 73 53 61
61 55 64 82
11 60 81 79
62 45 20 23
68 11 45 11
14 84 31 29
84 73 28 40
62 89 85 53
14 89 10 30
19 53 15 36
70 18 39 90
43 65 27 64
91 16 49 63
19 32 25 50
41 93 13 46
27 10 47 75
94 68 48 27
15 88 89 17
32 47 37 77
29 55 69 18
38 36 49 37
36 85 42 12
70 42 82 92
51 27 26 77
29 31 98 52
75 93 52 80
87 66 93 26
63 46 99 43
51 39 43 91
33 96 40 23
27 89 53 75
11 83 38 80
54 72 58 51
81 47 93 65
27 42 77 27
89 61 59 40
50 63 50 88
36 28 45 11
73 89 38 70
43 90 21 16
64 86 47 67
52 29 62 22
81 85 18 70
92 74 72 80
86 46 17 22
60 20 22 57
90 53 37 50
68 83 40 74
64 60 43 47
75 98 85 22
68 24 62 41
87 90 21 43
78 37 98 21
55 13 56 43
11 91 94 64
64 35 62 78
11 31 94 34
89 34 31 80
12 88 10 98
40 58 62 88
33 75 66 10
54 34 10 37
88 28 19 95
83 62 22 59
44 59 94 26
43 77 78 15
61 78 50 79
81 85 67 64
14 84 87 23
83 52 98 72
11 26 43 12
28 94 95 40
10 49 29 25
85 78 46 45
63 92 62 19
15 38 91 30
36 67 83 99
78 41 53 37
26 59 48 14
78 42 85 23
98 39 77 33
42 14 96 68
71 14 35 52
33 66 40 69
84 45 20 94
20 54 20 40
10 44 83 86
57 52 15 86
50 72 88 62
17 85 22 28
56 11 54 72
91 74 90 37
52 26 28 71
82 60 30 74
97 81 89 36
83 84 12 59
20 73 87 80
94 18 83 47
95 69 35 38
34 19 49 64
79 82 18 73
83 70 45 69
68 86 12 84
77 38 37 22
13 36 67 63
78 99 68 34
41 86 30 41
96 52 83 68
81 89 25 10
43 15 15 46
18 81 22 34
92 90 88 29
65 45 89 81
57 82 86 37
22 78 96 29
84 57 31 35
38 31 51 23
43 97 53 38
61 46 39 91
47 57 64 20
87 43 33 38
95 80 37 78
71 54 17 91
13 16 96 29
31 55 93 55
11 81 95 21
58 78 92 83
18 50 14 40
93 85 11 62
32 60 82 12
38 82 27 51
50 41 17 62
24 10 30 78
81 56 28 57
83 20 67 49
99 59 48 16
87 64 68 29
27 65 72 33
73 29 33 71
30 65 75 67
41 87 58 70
64 35 19 90
14 15 18 45
18 24 88 20
68 95 17 88
49 12 66 40
48 38 29 10
71 10 46 73
81 43 80 17
30 44 66 44
48 14 56 57
39 98 91 92
50 17 84 46
11 59 67 10
77 35 82 81
48 62 66 54
71 65 99 26
93 41 98 26
65 96 71 35
81 35 31 10
20 92 62 27
27 87 55 37
81 75 71 74
70 72 81 51
11 37 95 99
50 44 18 18
97 21 27 30
32 44 77 54
97 13 99 88
53 17 30 28
79 73 76 49
90 60 37 66
50 98 25 25
23 97 35 33
10 48 90 92
85 44 75 13
85 97 71 20
92 60 92 62
69 15 72 68
68 21 97 56
55 34 98 98
48 84 28 36
16 84 65 92
17 15 44 87
34 68 58 84
71 90 84 37
93 10 99 23
76 19 64 46
92 63 96 60
44 10 13 52
38 93 22 24
20 25 62 20
20 25 33 57
83 29 70 73
73 84 83 44
54 42 89 76
38 98 63 49
81 40 92 39
92 11 48 56
24 83 90 57
29 81 19 94
39 71 25 32
14 14 55 18
52 51 58 97
16 31 27 37
30 11 65 51
53 24 16 61
35 32 81 29
56 26 96 93
50 35 90 45
63 71 20 34
31 58 70 48
50 32 13 97
51 62 55 56
82 73 13 79
42 79 23 81
31 90 63 65
29 88 38 83
34 81 33 41
58 42 46 63
12 69 79 70
31 10 76 57
81 91 67 71
40 94 14 77
50 17 28 76
33 46 20 79
55 38 28 70
66 71 77 62
38 72 17 63
16 19 70 48
72 87 71 62
70 17 76 10
83 63 28 38
85 52 76 85
51 17 32 26
89 83 77 88
68 38 64 59
58 29 59 87
54 75 16 36
19 98 88 83
68 19 30 56
21 21 32 74
69 24 32 40
68 53 83 32
41 60 16 18
63 17 54 26
73 21 45 31
69 83 15 85
18 69 50 81
82 84 39 57
82 46 60 41
45 91 47 17
15 25 75 73
38 96 65 84
31 85 97 78
83 46 60 53
77 49 18 35
85 77 68 18
85 31 12 63
12 18 89 77
52 53 96 37
81 18 56 76
69 72 14 73
15 68 39 60
39 70 30 48
54 41 48 76
39 74 46 41
57 56 63 47
21 55 33 14
39 38 94 33
68 82 35 32
62 32 32 16
80 99 79 84
71 15 25 15
95 87 92 71
81 87 38 97
69 37 39 39
84 95 77 22
67 98 49 94
34 70 67 41
52 85 82 49
54 45 87 31
48 25 21 74
79 25 85 35
15 67 54 98
54 96 15 78
87 44 43 13
97 42 98 46
76 31 19 92
96 22 23 40
56 52 99 11
81 23 86 68
51 82 46 88
75 45 75 83
51 54 32 19
93 27 96 58
69 80 89 32
25 96 98 12
46 94 32 38
30 80 17 61
91 78 89 63
40 95 11 94
13 34 12 82
58 28 70 24
16 90 88 67
55 20 48 54
31 47 99 52
33 21 68 70
59 55 22 56
94 96 57 88
34 62 22 95
41 56 24 93
82 37 63 70
29 57 72 61
98 98 56 65
19 50 73 96
14 72 20 10
66 53 47 73
93 91 55 89
37 63 25 17
32 80 87 68
29 99 51 29
54 74 45 68
35 57 38 37
29 53 27 98
89 75 80 44
13 29 74 99
26 70 19 15
17 26 63 34
21 80 51 20
86 83 88 94
34 30 59 24
85 70 18 66
82 73 48 61
41 29 59 61
43 55 38 37
35 63 83 53
63 43 34 66
93 85 47 28
42 46 91 59
93 17 99 48
51 18 75 66
16 77 66 87
85 35 64 51
49 95 10 65
81 51 43 95
28 38 61 80
79 91 92 33
11 21 10 48
63 50 88 92
78 50 50 44
44 87 93 64
31 68 58 81
34 34 55 56
91 55 16 15
98 97 11 42
88 77 77 75